7
89
-0.00012773288240694526
-0.00020301294409402724
-0.0002852684918089055
-0.00036141426027908
-0.0004142446039966442
-0.000423779691494184
-0.00036938071707689097
-0.00023252227947749045
3.9680326732588147e-19
0.0003327495497568644
0.000758617284491505
0.001256520346649491
0.0017902673867579372
0.0023089677754036075
0.0027492495875846416
0.0030393906509447546
0.0031052704265704476
0.002877835600632018
0.0023015607408555746
0.001343201002513107
-1.4290661939992376e-18
-0.0016935471733415845
-0.0036612536118440435
-0.005783886475164548
-0.007901458538716231
-0.009819443131524304
-0.011318851986103976
-0.012169749747226686
-0.012147419500092774
-0.0110500765828382
-0.008716787355500313
-0.005044114390603439
2.675966367348799e-18
0.006366474777534262
0.013920562213222708
0.022443286401319536
0.03163912646454109
0.04114971726075978
0.05057283105283618
0.059485436619258154
0.06746925155981819
0.07413694622168379
0.07915705031471162
0.08227566910249896
0.08333333333333333
0.08227566910249896
0.07915705031471162
0.07413694622168379
0.06746925155981819
0.059485436619258154
0.05057283105283618
0.04114971726075978
0.03163912646454109
0.022443286401319536
0.013920562213222708
0.006366474777534262
2.675966367348799e-18
-0.005044114390603439
-0.008716787355500313
-0.0110500765828382
-0.012147419500092774
-0.012169749747226686
-0.011318851986103976
-0.009819443131524304
-0.007901458538716231
-0.005783886475164548
-0.0036612536118440435
-0.0016935471733415845
-1.4290661939992376e-18
0.001343201002513107
0.0023015607408555746
0.002877835600632018
0.0031052704265704476
0.0030393906509447546
0.0027492495875846416
0.0023089677754036075
0.0017902673867579372
0.001256520346649491
0.000758617284491505
0.0003327495497568644
3.9680326732588147e-19
-0.00023252227947749045
-0.00036938071707689097
-0.000423779691494184
-0.0004142446039966442
-0.00036141426027908
-0.0002852684918089055
-0.00020301294409402724
-0.00012773288240694526
2.29889027182056e-19
9.792571142629242e-05
0.0002852684918089057
0.0005484960477428108
0.0008284892079932894
0.0010230946786635446
0.0010091668863902914
0.0006817208293473157
-1.1904098019776445e-18
-0.0009755723173492934
-0.0020725809647307238
-0.003033508462278941
-0.003580534773515871
-0.0035041774450085108
-0.00274924958758464
-0.0014660862790026488
7.112959038705912e-18
0.0011920385360619035
0.0016848593990121488
0.0012516640739364492
-1.4290661939992376e-18
-0.0015781347321973858
-0.0026802236632649003
-0.0023957642212394698
1.1933504579547554e-17
0.004736525342045062
0.011318851986103981
0.01846927576465441
0.02429483900018556
0.02667724475154933
0.023814705934000816
0.014788595111883853
-8.027899102046397e-18
-0.018665559597610848
-0.03803168323644789
-0.05418288641428926
-0.06327825292908217
-0.06245037831609688
-0.05057283105283617
-0.028693508812652306
1.3586430379026376e-17
0.030708528597946205
0.0579469826076549
0.07666871822013553
0.08333333333333333
0.07666871822013553
0.0579469826076549
0.030708528597946205
1.3586430379026376e-17
-0.028693508812652306
-0.05057283105283617
-0.06245037831609688
-0.06327825292908217
-0.05418288641428926
-0.03803168323644789
-0.018665559597610848
-8.027899102046397e-18
0.014788595111883853
0.023814705934000816
0.02667724475154933
0.02429483900018556
0.01846927576465441
0.011318851986103981
0.004736525342045062
1.1933504579547554e-17
-0.0023957642212394698
-0.0026802236632649003
-0.0015781347321973858
-1.4290661939992376e-18
0.0012516640739364492
0.0016848593990121488
0.0011920385360619035
7.112959038705912e-18
-0.0014660862790026488
-0.00274924958758464
-0.0035041774450085108
-0.003580534773515871
-0.003033508462278941
-0.0020725809647307238
-0.0009755723173492934
-1.1904098019776445e-18
0.0006817208293473157
0.0010091668863902914
0.0010230946786635446
0.0008284892079932894
0.0005484960477428108
0.0002852684918089057
9.792571142629242e-05
2.29889027182056e-19
0.0002554657648138905
0.00028710365887506354
-7.336416053218749e-19
-0.0005111169485217148
-0.0008284892079932885
-0.0005993149871693619
2.1418841474119474e-18
0.0003288361611909748
-7.936065346517629e-19
-0.0004705789261396982
6.747191187988052e-18
0.0017769881156294589
0.0035805347735158735
0.003265373543058209
-5.050289561239069e-18
-0.004298347479916072
-0.006210540853140893
-0.004069874136693918
1.2392516734112776e-17
0.0018995730747471808
-2.8581323879984752e-18
-0.0023950373810582818
1.141316170277422e-17
0.008179650696404025
0.015802917077432463
0.013886789651552984
-1.2475436269324407e-17
-0.01721062514321456
-0.024294839000185548
-0.015627168168711115
3.458342162398936e-17
0.007133454981352689
-5.351932734697598e-18
-0.009003554974895182
3.6414817813551574e-17
0.03173960001296974
0.06327825292908218
0.058194488237984655
-1.8580156701802708e-17
-0.08412511123064007
-0.13493850311963637
-0.10484547481962998
2.76089382187967e-17
0.11635536709807501
0.16666666666666666
0.11635536709807501
2.76089382187967e-17
-0.10484547481962998
-0.13493850311963637
-0.08412511123064007
-1.8580156701802708e-17
0.058194488237984655
0.06327825292908218
0.03173960001296974
3.6414817813551574e-17
-0.009003554974895182
-5.351932734697598e-18
0.007133454981352689
3.458342162398936e-17
-0.015627168168711115
-0.024294839000185548
-0.01721062514321456
-1.2475436269324407e-17
0.013886789651552984
0.015802917077432463
0.008179650696404025
1.141316170277422e-17
-0.0023950373810582818
-2.8581323879984752e-18
0.0018995730747471808
1.2392516734112776e-17
-0.004069874136693918
-0.006210540853140893
-0.004298347479916072
-5.050289561239069e-18
0.003265373543058209
0.0035805347735158735
0.0017769881156294589
6.747191187988052e-18
-0.0004705789261396982
-7.936065346517629e-19
0.0003288361611909748
2.1418841474119474e-18
-0.0005993149871693619
-0.0008284892079932885
-0.0005111169485217148
-7.336416053218749e-19
0.00028710365887506354
0.0002554657648138905
-0.00012773288240694694
-0.0003921908915427989
2.0925873588950445e-19
0.0006981987359854455
0.00041424460399664195
-0.0005993149871693597
-0.0006397861693133982
0.00012036238867885258
-7.93606534651763e-19
-0.00017224384145273053
0.0013139636802392098
0.0017769881156294415
-0.0017902673867579437
-0.004460583212663117
1.8184445884980372e-17
0.0058716518518581685
0.003105270426570433
-0.004069874136693927
-0.003986420139867745
0.0006952920017023993
-2.8581323879984756e-18
-0.0008766445244806714
0.0063414772751089685
0.008179650696404011
-0.007901458538716254
-0.01896970744103224
2.0792393782207346e-17
0.023510151160642253
0.01214741950009275
-0.015627168168711136
-0.015097918578500522
0.0026110257399277483
-5.351932734697599e-18
-0.0032955298451813886
0.024111121023225168
0.031739600012969715
-0.03163912646454113
-0.07949514929332178
3.096692783633785e-17
0.11491703903724586
0.06746925155981816
-0.10484547481963001
-0.13710403292236653
0.04258902022455956
0.16666666666666669
0.04258902022455956
-0.13710403292236653
-0.10484547481963001
0.06746925155981816
0.11491703903724586
3.096692783633785e-17
-0.07949514929332178
-0.03163912646454113
0.031739600012969715
0.024111121023225168
-0.0032955298451813886
-5.351932734697599e-18
0.0026110257399277483
-0.015097918578500522
-0.015627168168711136
0.01214741950009275
0.023510151160642253
2.0792393782207346e-17
-0.01896970744103224
-0.007901458538716254
0.008179650696404011
0.0063414772751089685
-0.0008766445244806714
-2.8581323879984756e-18
0.0006952920017023993
-0.003986420139867745
-0.004069874136693927
0.003105270426570433
0.0058716518518581685
1.8184445884980372e-17
-0.004460583212663117
-0.0017902673867579437
0.0017769881156294415
0.0013139636802392098
-0.00017224384145273053
-7.93606534651763e-19
0.00012036238867885258
-0.0006397861693133982
-0.0005993149871693597
0.00041424460399664195
0.0006981987359854455
2.0925873588950445e-19
-0.0003921908915427989
-0.00012773288240694694
-0.00012773288240694312
0.00039219089154279987
-6.983531394374211e-19
-0.0006981987359854452
0.00041424460399664873
0.0005993149871693632
-0.0006397861693134025
-0.00012036238867884887
-7.936065346517628e-19
0.00017224384145273102
0.0013139636802392283
-0.0017769881156294673
-0.0017902673867579242
0.004460583212663126
-2.155130559247309e-17
-0.00587165185185815
0.0031052704265704767
0.004069874136693913
-0.0039864201398677026
-0.0006952920017023548
-2.858132387998475e-18
0.0008766445244807034
0.006341477275108918
-0.00817965069640403
-0.00790145853871619
0.018969707441032276
-2.9109351295090284e-17
-0.023510151160642197
0.01214741950009282
0.015627168168711108
-0.015097918578500477
-0.002611025739927696
-5.3519327346975974e-18
0.0032955298451814267
0.0241111210232252
-0.03173960001296975
-0.031639126464541034
0.07949514929332188
-4.3353698970872984e-17
-0.11491703903724579
0.06746925155981826
0.10484547481962997
-0.13710403292236653
-0.0425890202245595
0.16666666666666663
-0.0425890202245595
-0.13710403292236653
0.10484547481962997
0.06746925155981826
-0.11491703903724579
-4.3353698970872984e-17
0.07949514929332188
-0.031639126464541034
-0.03173960001296975
0.0241111210232252
0.0032955298451814267
-5.3519327346975974e-18
-0.002611025739927696
-0.015097918578500477
0.015627168168711108
0.01214741950009282
-0.023510151160642197
-2.9109351295090284e-17
0.018969707441032276
-0.00790145853871619
-0.00817965069640403
0.006341477275108918
0.0008766445244807034
-2.858132387998475e-18
-0.0006952920017023548
-0.0039864201398677026
0.004069874136693913
0.0031052704265704767
-0.00587165185185815
-2.155130559247309e-17
0.004460583212663126
-0.0017902673867579242
-0.0017769881156294673
0.0013139636802392283
0.00017224384145273102
-7.936065346517628e-19
-0.00012036238867884887
-0.0006397861693134025
0.0005993149871693632
0.00041424460399664873
-0.0006981987359854452
-6.983531394374211e-19
0.00039219089154279987
-0.00012773288240694312
0.0002554657648138892
-0.0002871036588750635
3.2144020889459115e-18
0.0005111169485217163
-0.0008284892079932936
0.0005993149871693587
-1.1474379361135433e-18
-0.0003288361611909805
-8.467810485281442e-18
0.0004705789261396947
-7.871723052652728e-18
-0.0017769881156294326
0.0035805347735158627
-0.003265373543058218
5.383572067468613e-18
0.004298347479916051
-0.006210540853140919
0.004069874136693931
-1.8914893962593184e-17
-0.0018995730747472042
-2.858132387998479e-18
0.0023950373810582353
-1.7558710311960337e-18
-0.008179650696404002
0.015802917077432414
-0.013886789651553003
7.763894908732304e-17
0.017210625143214496
-0.02429483900018559
0.015627168168711143
-5.3205264036906704e-17
-0.007133454981352716
-5.351932734697605e-18
0.009003554974895115
-2.7311113360163682e-17
-0.03173960001296971
0.06327825292908212
-0.05819448823798477
5.574047010540812e-17
0.08412511123064
-0.13493850311963645
0.10484547481963002
-2.76089382187967e-17
-0.11635536709807506
0.16666666666666674
-0.11635536709807506
-2.76089382187967e-17
0.10484547481963002
-0.13493850311963645
0.08412511123064
5.574047010540812e-17
-0.05819448823798477
0.06327825292908212
-0.03173960001296971
-2.7311113360163682e-17
0.009003554974895115
-5.351932734697605e-18
-0.007133454981352716
-5.3205264036906704e-17
0.015627168168711143
-0.02429483900018559
0.017210625143214496
7.763894908732304e-17
-0.013886789651553003
0.015802917077432414
-0.008179650696404002
-1.7558710311960337e-18
0.0023950373810582353
-2.858132387998479e-18
-0.0018995730747472042
-1.8914893962593184e-17
0.004069874136693931
-0.006210540853140919
0.004298347479916051
5.383572067468613e-18
-0.003265373543058218
0.0035805347735158627
-0.0017769881156294326
-7.871723052652728e-18
0.0004705789261396947
-8.467810485281442e-18
-0.0003288361611909805
-1.1474379361135433e-18
0.0005993149871693587
-0.0008284892079932936
0.0005111169485217163
3.2144020889459115e-18
-0.0002871036588750635
0.0002554657648138892
-0.0001277328824069475
0.0001050872326677357
-1.6765419465332543e-18
-0.00018708178746372676
0.0004142446039966435
-0.000599314987169356
0.0006397861693133906
-0.0004491985498698223
6.880597415977914e-18
0.0006428227675924421
-0.0013139636802392137
0.0017769881156294509
-0.0017902673867579426
0.0011952096696049217
-2.828502500745851e-17
-0.0015733043719421008
0.003105270426570436
-0.004069874136693894
0.0039864201398677485
-0.0025948650764495798
-2.858132387998472e-18
0.0032716819055390264
-0.006341477275109024
0.008179650696404007
-0.007901458538716237
0.005082917789479293
-8.595590660020598e-17
-0.0062995260174277395
0.012147419500092757
-0.015627168168711042
0.015097918578500485
-0.009744480721280478
-5.351932734697592e-18
0.012299084820076736
-0.024111121023225223
0.03173960001296977
-0.031639126464541124
0.021300661055337157
-6.812724123994327e-17
-0.030791927806605817
0.06746925155981816
-0.10484547481962996
0.1371040329223665
-0.15894438732263447
0.16666666666666663
-0.15894438732263447
0.1371040329223665
-0.10484547481962996
0.06746925155981816
-0.030791927806605817
-6.812724123994327e-17
0.021300661055337157
-0.031639126464541124
0.03173960001296977
-0.024111121023225223
0.012299084820076736
-5.351932734697592e-18
-0.009744480721280478
0.015097918578500485
-0.015627168168711042
0.012147419500092757
-0.0062995260174277395
-8.595590660020598e-17
0.005082917789479293
-0.007901458538716237
0.008179650696404007
-0.006341477275109024
0.0032716819055390264
-2.858132387998472e-18
-0.0025948650764495798
0.0039864201398677485
-0.004069874136693894
0.003105270426570436
-0.0015733043719421008
-2.828502500745851e-17
0.0011952096696049217
-0.0017902673867579426
0.0017769881156294509
-0.0013139636802392137
0.0006428227675924421
6.880597415977914e-18
-0.0004491985498698223
0.0006397861693133906
-0.000599314987169356
0.0004142446039966435
-0.00018708178746372676
-1.6765419465332543e-18
0.0001050872326677357
-0.0001277328824069475
