5
61
-0.00015296374391072747
-0.00033007152689650194
-0.0005394089944945806
-0.0007108651699584898
-0.0007457099738739074
-0.0005368023026093962
6.6952191053574015e-19
0.0008888567385153261
0.0020603964143983988
0.003332334997319785
0.004414205525467447
0.00494248802684644
0.004546263514355996
0.002935914754367891
-2.22875805999476e-18
-0.004109896556889382
-0.008928122014860696
-0.013676351032905239
-0.017328140706196885
-0.01873579599546988
-0.01680556947552194
-0.010695236395091626
4.048872678289057e-18
0.015109338798445745
0.033826928967058204
0.054750341280926616
0.07601959417357927
0.09554102302815776
0.11126377891212483
0.12146548122849693
0.125
0.12146548122849693
0.11126377891212483
0.09554102302815776
0.07601959417357927
0.054750341280926616
0.033826928967058204
0.015109338798445745
4.048872678289057e-18
-0.010695236395091626
-0.01680556947552194
-0.01873579599546988
-0.017328140706196885
-0.013676351032905239
-0.008928122014860696
-0.004109896556889382
-2.22875805999476e-18
0.002935914754367891
0.004546263514355996
0.00494248802684644
0.004414205525467447
0.003332334997319785
0.0020603964143983988
0.0008888567385153261
6.6952191053574015e-19
-0.0005368023026093962
-0.0007457099738739074
-0.0007108651699584898
-0.0005394089944945806
-0.00033007152689650194
-0.00015296374391072747
-6.335965727918795e-05
7.744571721902305e-05
0.0005394089944945811
0.0012549378163355064
0.001800303132523273
0.0015286836233808986
-2.0085657316072204e-18
-0.0025312498346134185
-0.004974236967505505
-0.005882793786449081
-0.004414205525467445
-0.0011596714617725214
0.001883124005768223
0.002488948347148902
-2.22875805999476e-18
-0.0034842020624080345
-0.0036981492250771006
0.003208925121901196
0.01732814070619689
0.03307555343474694
0.04057223375120838
0.03045745639668153
-1.214661803486717e-17
-0.043027756529771144
-0.08166543068570321
-0.09665443833001673
-0.07601959417357926
-0.022417089779982746
0.046086966226283665
0.10297346279878752
0.125
0.10297346279878752
0.046086966226283665
-0.022417089779982746
-0.07601959417357926
-0.09665443833001673
-0.08166543068570321
-0.043027756529771144
-1.214661803486717e-17
0.03045745639668153
0.04057223375120838
0.03307555343474694
0.01732814070619689
0.003208925121901196
-0.0036981492250771006
-0.0034842020624080345
-2.22875805999476e-18
0.002488948347148902
0.001883124005768223
-0.0011596714617725214
-0.004414205525467445
-0.005882793786449081
-0.004974236967505505
-0.0025312498346134185
-2.0085657316072204e-18
0.0015286836233808986
0.001800303132523273
0.0012549378163355064
0.0005394089944945811
7.744571721902305e-05
-6.335965727918795e-05
0.00021632340118991658
0.0006098926559288537
-1.3872295469320688e-18
-0.0013135075617996133
-0.0010545931586493675
0.00041085069532809424
-1.3390438210714803e-18
-0.0006803014951517638
0.002913840553107121
0.0061573521989896065
-8.108764001313407e-18
-0.009132527055371051
-0.006429387520124212
0.0022470518706656233
-4.45751611998952e-18
-0.00314557864211177
0.012626271239937809
0.025270601597481502
-1.9098766845917073e-17
-0.03461923689104313
-0.023766664275686418
0.008185779547259384
-8.097745356578114e-18
-0.011564187264312466
0.04783850171864503
0.10116543941491178
-2.792914580314639e-17
-0.17653679138180897
-0.15735074513840847
0.09296565454079717
0.25
0.09296565454079717
-0.15735074513840847
-0.17653679138180897
-2.792914580314639e-17
0.10116543941491178
0.04783850171864503
-0.011564187264312466
-8.097745356578114e-18
0.008185779547259384
-0.023766664275686418
-0.03461923689104313
-1.9098766845917073e-17
0.025270601597481502
0.012626271239937809
-0.00314557864211177
-4.45751611998952e-18
0.0022470518706656233
-0.006429387520124212
-0.009132527055371051
-8.108764001313407e-18
0.0061573521989896065
0.002913840553107121
-0.0006803014951517638
-1.3390438210714803e-18
0.00041085069532809424
-0.0010545931586493675
-0.0013135075617996133
-1.3872295469320688e-18
0.0006098926559288537
0.00021632340118991658
0.00021632340118991423
-0.0006098926559288555
3.9568353167786074e-19
0.0013135075617996094
-0.0010545931586493633
-0.000410850695328091
-1.3390438210714805e-18
0.0006803014951517685
0.0029138405531070923
-0.006157352198989605
2.919701502022063e-17
0.009132527055371029
-0.006429387520124228
-0.002247051870665612
-4.457516119989521e-18
0.003145578642111784
0.012626271239937785
-0.025270601597481516
3.1831278076528456e-17
0.034619236891043105
-0.02376666427568645
-0.008185779547259344
-8.097745356578115e-18
0.011564187264312471
0.04783850171864498
-0.10116543941491184
4.6548576338577324e-17
0.17653679138180894
-0.15735074513840852
-0.09296565454079711
0.25
-0.09296565454079711
-0.15735074513840852
0.17653679138180894
4.6548576338577324e-17
-0.10116543941491184
0.04783850171864498
0.011564187264312471
-8.097745356578115e-18
-0.008185779547259344
-0.02376666427568645
0.034619236891043105
3.1831278076528456e-17
-0.025270601597481516
0.012626271239937785
0.003145578642111784
-4.457516119989521e-18
-0.002247051870665612
-0.006429387520124228
0.009132527055371029
2.919701502022063e-17
-0.006157352198989605
0.0029138405531070923
0.0006803014951517685
-1.3390438210714805e-18
-0.000410850695328091
-0.0010545931586493633
0.0013135075617996094
3.9568353167786074e-19
-0.0006098926559288555
0.00021632340118991423
-0.00021632340118991772
0.0002526258096774807
-1.3205032296325732e-18
-0.0005440726463770076
0.0010545931586493696
-0.0009918813207715064
-1.33904382107148e-18
0.0016423930960981026
-0.002913840553107135
0.0025504587891292904
-3.4602857687762905e-17
-0.0037828165650738653
0.006429387520124207
-0.005424863101516816
-4.4575161199895195e-18
0.00759409861929746
-0.012626271239937816
0.010467425911004032
-4.4563789307139836e-17
-0.014339757439276934
0.0237666642756864
-0.019762220001589913
-8.097745356578112e-18
0.027918417731325428
-0.04783850171864504
0.041904097049090226
-6.516800687400825e-17
-0.07312393324817494
0.15735074513840847
-0.22443894402728448
0.25
-0.22443894402728448
0.15735074513840847
-0.07312393324817494
-6.516800687400825e-17
0.041904097049090226
-0.04783850171864504
0.027918417731325428
-8.097745356578112e-18
-0.019762220001589913
0.0237666642756864
-0.014339757439276934
-4.4563789307139836e-17
0.010467425911004032
-0.012626271239937816
0.00759409861929746
-4.4575161199895195e-18
-0.005424863101516816
0.006429387520124207
-0.0037828165650738653
-3.4602857687762905e-17
0.0025504587891292904
-0.002913840553107135
0.0016423930960981026
-1.33904382107148e-18
-0.0009918813207715064
0.0010545931586493696
-0.0005440726463770076
-1.3205032296325732e-18
0.0002526258096774807
-0.00021632340118991772
